    3.5675   -4.9920
    3.5675   -5.2440
 
    3.5675   -4.9910
    3.5675   -4.9840
 
    3.5675   -4.9850
    3.5675   -4.9840
 
    3.5675   -4.9690
    3.5675   -4.9840
 
    3.5675   -4.9560
    3.5675   -4.9840
 
    3.5675   -4.6680
    3.5675   -4.6120
 
    3.5675   -4.6630
    3.5675   -4.6120
 
    3.5675   -1.9050
    3.5675   -1.8290
 
    3.5675   -1.8710
    3.5675   -1.8290
 
    3.5675    1.2930
    3.5675    1.2640
 
    3.5675    1.2940
    3.5675    1.2640
 
    3.5675    1.6700
    3.5675    1.7370
 
    3.5675    1.7870
    3.5675    1.7370
 
    3.5675    1.9240
    3.5675    1.7370
 
    3.5675    1.9890
    3.5675    1.7370
 
    3.5675    2.4400
    3.5675    2.6840
 
    3.5675    2.4420
    3.5675    2.6840
 
    3.5675    2.8170
    3.5675    2.6840
 
    3.5675    2.9270
    3.5675    2.6840
 
    3.5675    3.0870
    3.5675    3.0720
 
    3.5675    3.1190
    3.5675    3.0720
 
    3.5675    3.3000
    3.5675    3.3880
 
    3.5675    3.3360
    3.5675    3.3880
 
    3.5675    3.3400
    3.5675    3.3880
 
    3.5675    3.3850
    3.5675    3.3880
 
    3.5675    3.5350
    3.5675    3.9600
 
    3.5675    3.5440
    3.5675    3.9600
 
    3.5675    4.0190
    3.5675    4.1650
 
    3.5675    4.0440
    3.5675    4.1650
 
    3.5675    4.2030
    3.5675    4.3050
 
    3.5675    4.2990
    3.5675    4.3050
 
    3.5675    4.4190
    3.5675    4.3770
 
    3.5675    4.4260
    3.5675    4.3770
 
    3.5675    4.5110
    3.5675    4.3770
 
    3.5675    4.5460
    3.5675    4.3770
 
    3.5675    4.6130
    3.5675    4.8100
 
    3.5675    4.6450
    3.5675    4.8100
 
    3.5675    5.2180
    3.5675    4.8100
 
    3.5675    5.3380
    3.5675    4.8100
 
    3.5675    5.3390
    3.5675    5.2830
 
    3.5675    5.3540
    3.5675    5.2830
 
    3.5675    5.4470
    3.5675    5.2830
 
    3.5675    5.4820
    3.5675    5.2830
 
    3.5675    5.6520
    3.5675    5.3490
 
    3.5675    5.6530
    3.5675    5.3490
 
    3.5675    5.8080
    3.5675    6.1740
 
    3.5675    5.8290
    3.5675    6.1740
 
    3.5675    6.0140
    3.5675    6.1740
 
    3.5675    6.0450
    3.5675    6.1740
 
    3.5675    6.2120
    3.5675    6.2250
 
    3.5675    6.2150
    3.5675    6.2250
 
    3.5675    6.2430
    3.5675    6.3860
 
    3.5675    6.2460
    3.5675    6.3860
 
    3.5675    6.5040
    3.5675    6.3860
 
    3.5675    6.5490
    3.5675    6.3860
 
    3.5675    7.4300
    3.5675    7.2400
 
    3.5675    7.5270
    3.5675    7.2400
 
    3.5675    7.7780
    3.5675    8.0100
 
    3.5675    7.8120
    3.5675    8.0100
 
    3.5675    7.9580
    3.5675    8.0100
 
    3.5675    8.0040
    3.5675    8.0100
 
    3.5675    8.2200
    3.5675    8.3460
 
    3.5675    8.2240
    3.5675    8.3460
 
    3.5675   11.2950
    3.5675   11.3150
 
    3.5675   11.3890
    3.5675   11.3150
 
    3.5675   13.1550
    3.5675   13.0060
 
    3.5675   13.3050
    3.5675   13.0060
 
    3.5675   13.8470
    3.5675   14.3260
 
    3.5675   14.2040
    3.5675   14.3260
 
    3.5675   14.2810
    3.5675   14.3260
 
    3.5675   14.4780
    3.5675   14.3260
 
    3.5675   14.5240
    3.5675   14.4460
 
    3.5675   14.8580
    3.5675   14.4460
 
    3.5675   15.0480
    3.5675   15.2280
 
    3.5675   15.0750
    3.5675   15.2280
 
